750
767
369
54 200
417 418
9
902 903
178
432 434
709 710
569
515
279
953 957
445 447
567
996 999
139
774 781
464 465
855
633 634
2 59
112
157 158
841 846
536
958 960
23
962
802
130 993
119 542
437 438
147 150
715 717
248 249
598 599
941 943
109
550
187
964
698 699
923
556
720 721
856 857
94 797
47 36
129 873
512 513
52 69
268
521 522
674 675
516
590 595
552 553
351
591
605
972
916 918
994
141
134 137
982 984
26 469
956 858
98
140
46 949
622 624
226 231
8 105
27 470
32 631
12 227
20 405
111
423
756
899
288 289
219
278
127
217
22
775
401 402
313
221 223
619 620
370
159
271 273
795 796
328
393
225
76 153
92
260
24
125
951
570
241
329
347
893
626
629
51 49
68 643
57 327
71 885
663
251
386 390
495 496
50
155 156
758 759
133 424
18 375
676 681
242 243
778
277
816 817
551
661 662
262 263
392 395
803
312
72 93
99 991
280 285
67 581
627
723
499
532
630 632
89
300
754
298
11
88 511
34
275
70
154
483
97 824
28
871 872
371 372
287
113
838 840
929 930
145
768
726 735
703 705
306 310
961 965
537 543
813 814
936
481 482
102 44
320
408 409
82 236
180 182
835 837
65 394
265
799
167
4
314
90
659 660
345 350
588
645
35
358
233
454 455
169 171
40 825
6 61
364
81
462
162 163
384 385
124 769
25
602
29
881 882
286
78
442
87
763 765
906
48
947 952
559
302
367
165 168
338 339
389
752 753
990 995
779
963
833 834
91 716
933
356
334
506
7
614
176
80 188
544 545
120
638
937 940
894 897
664 665
585 586
492 494
845
623
397
950
889
316
736
38
183 185
211
905
13
606
230
497
341 343
281
335 336
19
391
908
712
431
744 749
181
254
196
410 413
247
255
689 695
3
387
138 143
14
475 476
115 215
208
852
480
222
514
869
353 355
815
467
194
179
777
148
245
210
406
446
924
261
472
725
907
644
309
30 478
325
118 458
101 0
525 527
299
419 422
427 428
625 628
539
55 304
572 573
866 868
457
267
692
103
294
517 518
500
647
561
272
608 609
216
801 805
534 535
1
612 615
333
430
507
206 207
818 832
463
727
613
41
433
64 388
58 368
74
100
826
493
890
142
75
616
755
443 444
836
706
888
416
750 751
240
174
704
582 583
683 684
584
412
56
189
724
201
121
373 376
912 915
670 673
760 762
352
761
479
296
166
504
728
202
468
160 161
540
220
745
451
770 773
193
172 173
346
377
62
576
229
117 337
436
973 974
45
10 128
136
17
700 701
671
776
5
652
290 291
997
864
820
677
144 146
611
348
439
63
505
485
596
195 198
617 618
910 911
361
635 636
738
39
876 879
359 363
349
528 529
557
509
648
292
177
477
330 331
654
197
60
239
679
819
360
473
77
806 810
404
237 238
319
258
688
203
21
860
83
282
149
546
132
276
42
284
861 862
322 324
365 366
921
809
711 714
743
73
931
977 979
269 270
411
503 510
682
170
746
106
793 794
942
381
848
235
519
209
379
303
283
732
565
192
642
530
382 383
520
867
205
374
95 808
108 104
531
114 131
707
257 259
935
15 234
488
301
737 740
403 407
295 297
666 668
610
311
985 988
362
342
425
440
719
574
807
400
232
317
357
421
305
323
135
16
213
332
315
212
107
340
932 934
435
250 252
116 224
484 487
739
919 920
594
830
502
110
293
489
549
460
784
533
742
449 452
456
85 344
967 968
641
992
575
970
541
555
396
448
771
560
554
186
757
883 884
151 152
844
823
378
667
84 307
326
429
788 789
904 909
687
380
878
829
804
669
865
729
812
887
126 828
896
702
547 548
453
843
811
420
274
944
730
308
86 466
593
969
354
718
600 601
847 853
597
33
318 321
875
214 218
164
780
658
672
685 686
831
646
680
398 399
696 697
851
786
558 562
939
526
604
713
764
741
441
649
655
821
587 589
708
886
913
486
690
945 946
491
694
722
978
592
842
790
839
733
772
859
792
787
691
568 571
926
854
603 607
523 524
747
678
621
656
693
849
639
880
922
791
850
877
640
244 246
895
37 731
827
971
927 928
653 657
914
650
938
925
987
948
986
954
998
917
863
264 266
975
766
874
498 501
822
734
123 566
53 96
66 426
898 901
190 191
79 175
748
891 892
782 783
870
989
900
253 256
637 651
577 578
976
955
966
983
980 981
414 415
199 204
459 461
43
450
538
122
228
785
798 800
471 474
959
184
31 490
508
579 580
563 564